   13
CPZ.CD.90. 0.000000 0.584619 0.598066 0.649554 0.651464 0.604719 0.577746 0.603905 0.637370 0.653177 0.616196 0.610264 0.610264
A1.KE.94.Q 0.584619 0.000000 0.221696 0.230433 0.224108 0.224412 0.221709 0.232238 0.230939 0.250261 0.229549 0.221214 0.221214
B.FR.83.HX 0.598066 0.221696 0.000000 0.177423 0.191995 0.194912 0.234150 0.251162 0.244070 0.263560 0.226501 0.113729 0.113729
D.CD.83.ND 0.649554 0.230433 0.177423 0.000000 0.124429 0.138440 0.235018 0.255709 0.260773 0.276476 0.253672 0.196154 0.196154
D.CD.84.84 0.651464 0.224108 0.191995 0.124429 0.000000 0.138165 0.224960 0.272527 0.243000 0.273450 0.239722 0.197081 0.197081
D.UG.94.94 0.604719 0.224412 0.194912 0.138440 0.138165 0.000000 0.222315 0.243933 0.240938 0.261617 0.229259 0.211398 0.211398
F1.BE.93.V 0.577746 0.221709 0.234150 0.235018 0.224960 0.222315 0.000000 0.220361 0.241147 0.254520 0.189333 0.229968 0.229968
G.BE.96.DR 0.603905 0.232238 0.251162 0.255709 0.272527 0.243933 0.220361 0.000000 0.272915 0.226168 0.266159 0.251101 0.251101
H.BE.93.VI 0.637370 0.230939 0.244070 0.260773 0.243000 0.240938 0.241147 0.272915 0.000000 0.248992 0.244714 0.246923 0.246923
J.SE.93.SE 0.653177 0.250261 0.263560 0.276476 0.273450 0.261617 0.254520 0.226168 0.248992 0.000000 0.274856 0.280024 0.280024
K.CD.97.EQ 0.616196 0.229549 0.226501 0.253672 0.239722 0.229259 0.189333 0.266159 0.244714 0.274856 0.000000 0.218935 0.218935
14_BG.ES.0 0.610264 0.221214 0.113729 0.196154 0.197081 0.211398 0.229968 0.251101 0.246923 0.280024 0.218935 0.000000 0.000000
14_BG.ES.1 0.610264 0.221214 0.113729 0.196154 0.197081 0.211398 0.229968 0.251101 0.246923 0.280024 0.218935 0.000000 0.000000

