   13
CPZ.CD.90. 0.000000 0.410675 0.412348 0.404532 0.404888 0.407817 0.406821 0.405682 0.407362 0.415190 0.410617 0.412985 0.412985
A1.KE.94.Q 0.410675 0.000000 0.130617 0.128904 0.127209 0.141526 0.142700 0.122032 0.133371 0.133290 0.142033 0.122701 0.122701
B.FR.83.HX 0.412348 0.130617 0.000000 0.074610 0.075159 0.090126 0.120304 0.139362 0.128567 0.124364 0.122837 0.131146 0.131146
D.CD.83.ND 0.404532 0.128904 0.074610 0.000000 0.053114 0.074312 0.123219 0.131933 0.134346 0.127999 0.121369 0.131112 0.131112
D.CD.84.84 0.404888 0.127209 0.075159 0.053114 0.000000 0.076481 0.121986 0.131019 0.129547 0.125616 0.120019 0.128523 0.128523
D.UG.94.94 0.407817 0.141526 0.090126 0.074312 0.076481 0.000000 0.131308 0.143495 0.139381 0.138956 0.132103 0.139285 0.139285
F1.BE.93.V 0.406821 0.142700 0.120304 0.123219 0.121986 0.131308 0.000000 0.145600 0.134023 0.140540 0.119097 0.143881 0.143881
G.BE.96.DR 0.405682 0.122032 0.139362 0.131933 0.131019 0.143495 0.145600 0.000000 0.135173 0.142308 0.146474 0.072811 0.072811
H.BE.93.VI 0.407362 0.133371 0.128567 0.134346 0.129547 0.139381 0.134023 0.135173 0.000000 0.130779 0.136410 0.134450 0.134450
J.SE.93.SE 0.415190 0.133290 0.124364 0.127999 0.125616 0.138956 0.140540 0.142308 0.130779 0.000000 0.131939 0.141073 0.141073
K.CD.97.EQ 0.410617 0.142033 0.122837 0.121369 0.120019 0.132103 0.119097 0.146474 0.136410 0.131939 0.000000 0.137937 0.137937
14_BG.ES.0 0.412985 0.122701 0.131146 0.131112 0.128523 0.139285 0.143881 0.072811 0.134450 0.141073 0.137937 0.000000 0.000000
14_BG.ES.1 0.412985 0.122701 0.131146 0.131112 0.128523 0.139285 0.143881 0.072811 0.134450 0.141073 0.137937 0.000000 0.000000

